-29481.0
-32255.0
-26261.0
-21207.0
-30789.0
-24541.0
-19029.0
-29527.0
-24322.0
-31343.0
-25635.0
-18648.0
-22925.0
-20567.0
-20200.0
-19844.0
-18879.0
-17999.0
-17363.0
-15892.0
-19613.0
-16360.0
-22217.0
-15376.0
-13558.0
-14810.0
-13794.0
-15209.0
-17049.0
-14323.0
-14288.0
-14685.0
-14031.0
-14627.0
-12522.0
-21174.0
-14103.0
-12648.0
-15496.0
-14216.0
-12687.0
-13552.0
-9171.0
-11311.0
-14188.0
-11852.0
-13167.0
-10310.0
-9603.0
-9754.0
-11210.0
-11495.0
-9783.0
-12425.0
-10184.0
-10597.0
-12487.0
-9016.0
-8753.0
-10372.0
-10923.0
-9646.0
-9695.0
-10183.0
-7678.0
-7604.0
-9228.0
-7779.0
-7869.0
-8145.0
-9406.0
-7488.0
-8470.0
-9125.0
-8358.0
-7815.0
-7689.0
-8111.0
-7046.0
-8902.0
-7671.0
-7385.0
-8609.0
-6395.0
-7035.0
-6780.0
-7064.0
-6937.0
-6612.0
-6465.0
-6523.0
-5551.0
-6344.0
-6319.0
-6245.0
-6593.0
-5749.0
-7193.0
-5613.0
-6040.0
