9.962407407407408
9.67462962962963
8.500370370370371
7.546111111111111
10.222962962962963
8.312777777777777
6.776296296296296
9.491111111111111
8.293888888888889
10.008888888888889
8.478333333333333
6.934074074074074
7.947962962962963
7.534074074074074
7.468148148148148
7.178148148148148
7.0468518518518515
6.74574074074074
6.484814814814815
6.476666666666667
7.3731481481481485
6.151851851851852
8.129259259259259
6.145
5.505925925925926
5.9622222222222225
5.648888888888889
5.914444444444444
6.604259259259259
5.867407407407407
5.804814814814815
6.006666666666667
5.844074074074074
5.782037037037037
5.1718518518518515
8.002407407407407
5.700555555555556
5.308148148148148
6.113333333333333
6.009074074074074
5.974444444444444
5.87537037037037
4.493518518518519
5.226296296296296
5.955185185185186
5.305
5.696666666666666
4.69537037037037
4.649629629629629
4.320185185185185
5.068518518518519
4.861481481481482
4.528888888888889
5.480740740740741
5.076851851851852
4.997777777777777
5.812962962962963
4.683703703703704
4.389444444444444
4.68
5.637777777777778
4.780555555555556
4.678518518518518
4.798148148148148
4.185925925925926
3.9005555555555556
4.5311111111111115
3.975740740740741
4.242592592592593
3.8805555555555555
4.36962962962963
3.908703703703704
4.362222222222222
4.691111111111111
4.148703703703704
4.209444444444444
4.063148148148148
4.15
3.9253703703703704
4.186296296296296
4.367037037037037
3.897777777777778
4.344444444444444
3.6772222222222224
3.9694444444444446
4.287407407407407
4.42037037037037
3.9305555555555554
3.571111111111111
3.5314814814814817
3.5505555555555555
3.5124074074074074
3.745925925925926
4.128703703703704
3.573148148148148
3.6727777777777777
3.4651851851851854
3.882037037037037
3.741296296296296
3.7020370370370372
