53797
52243
45902
40749
55204
44889
36592
51252
44787
54048
45783
37444
42919
40684
40328
38762
38053
36427
35018
34974
39815
33220
43898
33183
29732
32196
30504
31938
35663
31684
31346
32436
31558
31223
27928
43213
30783
28664
33012
32449
32262
31727
24265
28222
32158
28647
30762
25355
25108
23329
27370
26252
24456
29596
27415
26988
31390
25292
23703
25272
30444
25815
25264
25910
22604
21063
24468
21469
22910
20955
23596
21107
23556
25332
22403
22731
21941
22410
21197
22606
23582
21048
23460
19857
21435
23152
23870
21225
19284
19070
19173
18967
20228
22295
19295
19833
18712
20963
20203
19991
